0 1.70 22
1 1.70 30
2 1.70 10
3 1.70 10
4 1.70 1
5 1.70 1
6 1.70 13
7 1.70 1
8 1.70 35 
9 1.70 18
10 1.70 45
11 1.70 7
12 1.70 50
13 1.70 10
14 1.70 1
15 1.70 1
0 2.00 40
1 2.00 50
2 2.00 20
3 2.00 15
4 2.00 1
5 2.00 1
6 2.00 20
7 2.00 1
8 2.00 50 
9 2.00 30
10 2.00 70
11 2.00 10
12 2.00 70
13 2.00 20
14 2.00 1
15 2.00 1
0 2.50 60
1 2.50 90
2 2.50 50
3 2.50 50
4 2.50 4
5 2.50 1
6 2.50 50
7 2.50 5
8 2.50 80 
9 2.50 50
10 2.50 110
11 2.50 20
12 2.50 80
13 2.50 15
14 2.50 1
15 2.50 1
0 3.00 100
1 3.00 165
2 3.00 100
3 3.00 90
4 3.00 5
5 3.00 1
6 3.00 60
7 3.00 5
8 3.00 120 
9 3.00 90
10 3.00 150
11 3.00 35
12 3.00 110
13 3.00 20
14 3.00 1
15 3.00 1
