0 1.60 15
1 1.60 20
2 1.60 8
3 1.60 1
4 1.60 1
5 1.60 1
6 1.60 2
7 1.60 1
8 1.60 5 
9 1.60 5
10 1.60 30
11 1.60 1
12 1.60 50
13 1.60 8
14 1.60 1
15 1.60 1
0 1.70 20
1 1.70 25
2 1.70 10
3 1.70 1
4 1.70 1
5 1.70 1
6 1.70 3
7 1.70 1
8 1.70 10
9 1.70 7
10 1.70 35
11 1.70 1
12 1.70 60
13 1.70 8
14 1.70 1
15 1.70 1
0 1.80 18
1 1.80 25
2 1.80 10
3 1.80 1
4 1.80 1
5 1.80 1
6 1.80 3
7 1.80 1
8 1.80 10 
9 1.80 7
10 1.80 35
11 1.80 1
12 1.80 65
13 1.80 10
14 1.80 1
15 1.80 1
0 1.90 20
1 1.90 25
2 1.90 10
3 1.90 1
4 1.90 1
5 1.90 1
6 1.90 4
7 1.90 1
8 1.90 15 
9 1.90 8
10 1.90 40
11 1.90 1
12 1.90 70
13 1.90 10
14 1.90 40
15 1.90 1
0 2.00 20
1 2.00 25
2 2.00 10
3 2.00 1
4 2.00 1
5 2.00 1
6 2.00 4
7 2.00 1
8 2.00 15 
9 2.00 8
10 2.00 40
11 2.00 1
12 2.00 70
13 2.00 10
14 2.00 40
15 2.00 1
