0 5.00 550
1 5.00 700
2 5.00 600
3 5.00 600
4 5.00 450
5 5.00 300
6 5.00 650
7 5.00 420
8 5.00 600
9 5.00 520
10 5.00 650 
11 5.00 400
12 5.00 580
13 5.00 400
14 5.00 400
15 5.00 400
0 3.50 320
1 3.50 360
2 3.50 300
3 3.50 200
4 3.50 160
5 3.50 60
6 3.50 300
7 3.50 150
8 3.50 300
9 3.50 240
10 3.50 350 
11 3.50 140
12 3.50 300
13 3.50 120
14 3.50 40
15 3.50 40
0 1.50 35
1 1.50 50
2 1.50 50
3 1.50 6
4 1.50 5
5 1.50 1
6 1.50 15
7 1.50 5
8 1.50 40
9 1.50 15
10 1.50 40
11 1.50 7
12 1.50 50
13 1.50 6
14 1.50 10
15 1.50 2
