0 1.50 1
1 1.50 1
2 1.50 1
3 1.50 1
4 1.50 140
5 1.50 4
6 1.50 1
7 1.50 2
8 1.50 1 
9 1.50 1
10 1.50 1
11 1.50 1
12 1.50 1
13 1.50 1
14 1.50 1
15 1.50 1
0 1.80 1
1 1.80 1
2 1.80 1
3 1.80 1
4 1.80 180
5 1.80 10
6 1.80 1
7 1.80 10
8 1.80 1 
9 1.80 3
10 1.80 3
11 1.80 3
12 1.80 1
13 1.80 6
14 1.80 1
15 1.80 1
0 2.00 10
1 2.00 1
2 2.00 1
3 2.00 1
4 2.00 200
5 2.00 30
6 2.00 3
7 2.00 20
8 2.00 5 
9 2.00 5
10 2.00 5
11 2.00 5
12 2.00 5
13 2.00 15
14 2.00 1
15 2.00 1
0 2.30 40
1 2.30 1
2 2.30 1
3 2.30 3
4 2.30 250
5 2.30 100
6 2.30 5
7 2.30 50
8 2.30 20 
9 2.30 20
10 2.30 30
11 2.30 30
12 2.30 20
13 2.30 60
14 2.30 2
15 2.30 1
0 2.80 100
1 2.80 70
2 2.80 5
3 2.80 10
4 2.80 320
5 2.80 250
6 2.80 40
7 2.80 100
8 2.80 90 
9 2.80 70
10 2.80 100
11 2.80 90
12 2.80 80
13 2.80 200
14 2.80 20
15 2.80 1
0 3.20 160
1 3.20 100
2 3.20 20
3 3.20 50
4 3.20 400
5 3.20 400
6 3.20 100
7 3.20 150
8 3.20 150 
9 3.20 100
10 3.20 150
11 3.20 140
12 3.20 100
13 3.20 380
14 3.20 50
15 3.20 1


