0 1.60 10
1 1.60 10
2 1.60 10
3 1.60 10
4 1.60 120
5 1.60 40
6 1.60 10
7 1.60 80
8 1.60 60 
9 1.60 50
10 1.60 20
11 1.60 20
12 1.60 20
13 1.60 100
14 1.60 1
15 1.60 1
0 1.80 20
1 1.80 20
2 1.80 10
3 1.80 20
4 1.80 140
5 1.80 140
6 1.80 5
7 1.80 160
8 1.80 160 
9 1.80 140
10 1.80 50
11 1.80 80
12 1.80 80
13 1.80 300
14 1.80 1
15 1.80 1
0 2.00 40
1 2.00 60
2 2.00 40
3 2.00 40
4 2.00 260
5 2.00 240
6 2.00 25
7 2.00 200
8 2.00 250 
9 2.00 200
10 2.00 100
11 2.00 120
12 2.00 140
13 2.00 400
14 2.00 1
15 2.00 1
0 2.40 100
1 2.40 140
2 2.40 140
3 2.40 100
4 2.40 350
5 2.40 400
6 2.40 100
7 2.40 300
8 2.40 400 
9 2.40 300
10 2.40 300
11 2.40 120
12 2.40 300
13 2.40 700
14 2.40 1
15 2.40 1
0 2.60 160
1 2.60 200
2 2.60 200
3 2.60 100
4 2.60 500
5 2.60 500
6 2.60 230
7 2.60 420
8 2.60 490 
9 2.60 420
10 2.60 400
11 2.60 350
12 2.60 450
13 2.60 400
14 2.60 1
15 2.60 1
0 2.80 200
1 2.80 400
2 2.80 300
3 2.80 250
4 2.80 500
5 2.80 600
6 2.80 300
7 2.80 300
8 2.80 300 
9 2.80 450
10 2.80 550
11 2.80 550
12 2.80 600
13 2.80 400
14 2.80 1
15 2.80 1
0 3.00 240
1 3.00 500
2 3.00 340
3 3.00 400
4 3.00 700
5 3.00 700
6 3.00 400
7 3.00 450
8 3.00 400 
9 3.00 450
10 3.00 600
11 3.00 600
12 3.00 700
13 3.00 700
14 3.00 1
15 3.00 1

