0 1.40 10
1 1.40 5
2 1.40 3
3 1.40 1
4 1.40 1
5 1.40 1
6 1.40 1
7 1.40 1
8 1.40 1 
9 1.40 4
10 1.40 15
11 1.40 1
12 1.40 30
13 1.40 8
14 1.40 1
15 1.40 1
0 1.70 10
1 1.70 10
2 1.70 6
3 1.70 1
4 1.70 1
5 1.70 1
6 1.70 1
7 1.70 1
8 1.70 2
9 1.70 4
10 1.70 25
11 1.70 1
12 1.70 40
13 1.70 5
14 1.70 1
15 1.70 1
0 2.10 25
1 2.10 20
2 2.10 7
3 2.10 1
4 2.10 1
5 2.10 1
6 2.10 3
7 2.10 1
8 2.10 10 
9 2.10 7
10 2.10 40
11 2.10 1
12 2.10 60
13 2.10 7
14 2.10 1
15 2.10 1
0 2.80 30
1 2.80 30
2 2.80 10
3 2.80 1
4 2.80 1
5 2.80 1
6 2.80 5
7 2.80 1
8 2.80 21 
9 2.80 10
10 2.80 66
11 2.80 1
12 2.80 83
13 2.80 10
14 2.80 1
15 2.80 1
0 3.70 40
1 3.70 40
2 3.70 20
3 3.70 1
4 3.70 1
5 3.70 1
6 3.70 10
7 3.70 1
8 3.70 40 
9 3.70 22
10 3.70 100
11 3.70 5
12 3.70 115
13 3.70 20
14 3.70 1
15 3.70 1
