0 1.70 10
1 1.70 10
2 1.70 6
3 1.70 1
4 1.70 1
5 1.70 1
6 1.70 1
7 1.70 1
8 1.70 2
9 1.70 4
10 1.70 25
11 1.70 1
12 1.70 40
13 1.70 5
14 1.70 1
15 1.70 1
0 2.00 10
1 2.00 10
2 2.00 6
3 2.00 1
4 2.00 1
5 2.00 1
6 2.00 1
7 2.00 1
8 2.00 2
9 2.00 4
10 2.00 25
11 2.00 1
12 2.00 40
13 2.00 5
14 2.00 1
15 2.00 1
0 2.50 10
1 2.50 10
2 2.50 6
3 2.50 1
4 2.50 1
5 2.50 1
6 2.50 1
7 2.50 1
8 2.50 2
9 2.50 4
10 2.50 25
11 2.50 1
12 2.50 40
13 2.50 5
14 2.50 1
15 2.50 1
0 3.00 10
1 3.00 10
2 3.00 6
3 3.00 1
4 3.00 1
5 3.00 1
6 3.00 1
7 3.00 1
8 3.00 2
9 3.00 4
10 3.00 25
11 3.00 1
12 3.00 40
13 3.00 5
14 3.00 1
15 3.00 1
0 3.50 10
1 3.50 10
2 3.50 6
3 3.50 1
4 3.50 1
5 3.50 1
6 3.50 1
7 3.50 1
8 3.50 2
9 3.50 4
10 3.50 25
11 3.50 1
12 3.50 40
13 3.50 5
14 3.50 1
15 3.50 1
