0 1.50 10
1 1.50 5
2 1.50 3
3 1.50 1
4 1.50 1
5 1.50 1
6 1.50 1
7 1.50 1
8 1.50 1 
9 1.50 4
10 1.50 15
11 1.50 1
12 1.50 30
13 1.50 8
14 1.50 1
15 1.50 1
0 2.00 10
1 2.00 10
2 2.00 6
3 2.00 1
4 2.00 1
5 2.00 1
6 2.00 1
7 2.00 1
8 2.00 2
9 2.00 4
10 2.00 25
11 2.00 1
12 2.00 40
13 2.00 5
14 2.00 1
15 2.00 1
0 2.50 25
1 2.50 20
2 2.50 7
3 2.50 1
4 2.50 1
5 2.50 1
6 2.50 3
7 2.50 1
8 2.50 10 
9 2.50 7
10 2.50 40
11 2.50 1
12 2.50 60
13 2.50 7
14 2.50 1
15 2.50 1
0 2.70 25
1 2.70 20
2 2.70 7
3 2.70 1
4 2.70 1
5 2.70 1
6 2.70 3
7 2.70 1
8 2.70 10 
9 2.70 7
10 2.70 40
11 2.70 1
12 2.70 60
13 2.70 7
14 2.70 1
15 2.70 1
0 3.00 25
1 3.00 20
2 3.00 7
3 3.00 1
4 3.00 1
5 3.00 1
6 3.00 3
7 3.00 1
8 3.00 10 
9 3.00 7
10 3.00 40
11 3.00 1
12 3.00 60
13 3.00 7
14 3.00 1
15 3.00 1
