0  7.00 100
1  7.00 100
2  7.00 100
3  7.00 100
4  7.00 100
5  7.00 100
6  7.00 100
7  7.00 100
8  7.00 100
9  7.00 100
10 7.00 100
11 7.00 100
12 7.00 100
13 7.00 100
14 7.00 100
15 7.00 100
0  5.00 50
1  5.00 50
2  5.00 50
3  5.00 50
4  5.00 50
5  5.00 50
6  5.00 50
7  5.00 20
8  5.00 50
9  5.00 10
10 5.00 10
11 5.00 10
12 5.00 50
13 5.00 50
14 5.00 50
15 5.00 50
0  4.00 50
1  4.00 50
2  4.00 50
3  4.00 50
4  4.00 50
5  4.00 50
6  4.00 50
7  4.00 20
8  4.00 50
9  4.00 10
10 4.00 10
11 4.00 10
12 4.00 50
13 4.00 50
14 4.00 50
15 4.00 50
0  1.50 10
1  1.50 1
2  1.50 1
3  1.50 10
4  1.50 1
5  1.50 1
6  1.50 1
7  1.50 50
8  1.50 20
9  1.50 10
10 1.50 20
11 1.50 20
12 1.50 1
13 1.50 20
14 1.50 20
15 1.50 1
