0 5.00 500
1 5.00 650
2 5.00 600
3 5.00 540
4 5.00 420
5 5.00 250
6 5.00 600
7 5.00 400
8 5.00 620
9 5.00 540
10 5.00 440
11 5.00 700
12 5.00 500
13 5.00 650
14 5.00 450
15 5.00 500
0 3.50 280
1 3.50 350
2 3.50 300
3 3.50 240
4 3.50 160
5 3.50 40
6 3.50 340
7 3.50 160
8 3.50 360
9 3.50 320
10 3.50 440
11 3.50 240
12 3.50 400
13 3.50 200
14 3.50 200
15 3.50 200
0 1.50 30
1 1.50 50
2 1.50 25
3 1.50 10
4 1.50 5
5 1.50 1
6 1.50 25
7 1.50 5
8 1.50 50
9 1.50 30
10 1.50 80
11 1.50 10
12 1.50 80
13 1.50 20
14 1.50 50
15 1.50 0
