0 1.60 10
1 1.60 10
2 1.60 10
3 1.60 10
4 1.60 150
5 1.60 50
6 1.60 10
7 1.60 75
8 1.60 60 
9 1.60 50
10 1.60 20
11 1.60 20
12 1.60 20
13 1.60 100
14 1.60 1
15 1.60 1
0 1.80 50
1 1.80 25
2 1.80 10
3 1.80 20
4 1.80 200
5 1.80 200
6 1.80 5
7 1.80 160
8 1.80 160 
9 1.80 140
10 1.80 50
11 1.80 80
12 1.80 80
13 1.80 300
14 1.80 1
15 1.80 1
0 2.00 100
1 2.00 100
2 2.00 40
3 2.00 40
4 2.00 300
5 2.00 300
6 2.00 50
7 2.00 200
8 2.00 250 
9 2.00 200
10 2.00 150
11 2.00 150
12 2.00 200
13 2.00 500
14 2.00 1
15 2.00 1
0 2.40 200
1 2.40 300
2 2.40 200
3 2.40 100
4 2.40 600
5 2.40 500
6 2.40 200
7 2.40 400
8 2.40 400 
9 2.40 400
10 2.40 400
11 2.40 400
12 2.40 400
13 2.40 700
14 2.40 1
15 2.40 1
0 2.60 350
1 2.60 400
2 2.60 300
3 2.60 300
4 2.60 600
5 2.60 600
6 2.60 300
7 2.60 400
8 2.60 490 
9 2.60 450
10 2.60 600
11 2.60 500
12 2.60 600
13 2.60 400
14 2.60 1
15 2.60 1
0 2.80 350
1 2.80 400
2 2.80 300
3 2.80 300
4 2.80 600
5 2.80 600
6 2.80 300
7 2.80 400
8 2.80 490 
9 2.80 450
10 2.80 600
11 2.80 500
12 2.80 600
13 2.80 400
14 2.80 1
15 2.80 1
0 3.00 350
1 3.00 400
2 3.00 300
3 3.00 300
4 3.00 600
5 3.00 600
6 3.00 300
7 3.00 400
8 3.00 490 
9 3.00 450
10 3.00 600
11 3.00 500
12 3.00 600
13 3.00 400
14 3.00 1
15 3.00 1

