0  0.60 20
1  0.60 20
2  0.60 20
3  0.60 20
4  0.60 20
5  0.60 20
6  0.60 20
7  0.60 20
8  0.60 20
9  0.60 20
10 0.60 20
11 0.60 20
12 0.60 20
13 0.60 20
14 0.60 20
15 0.60 20
0  0.80 50
1  0.80 50
2  0.80 50
3  0.80 50
4  0.80 50
5  0.80 50
6  0.80 50
7  0.80 50
8  0.80 50
9  0.80 50
10 0.80 50
11 0.80 50
12 0.80 50
13 0.80 50
14 0.80 50
15 0.80 50
0  1.00 50
1  1.00 50
2  1.00 50
3  1.00 50
4  1.00 50
5  1.00 50
6  1.00 50
7  1.00 50
8  1.00 50
9  1.00 50
10 1.00 50
11 1.00 50
12 1.00 50
13 1.00 50
14 1.00 50
15 1.00 50
0  1.25 100
1  1.25 100
2  1.25 100
3  1.25 100
4  1.25 100
5  1.25 100
6  1.25 100
7  1.25 100
8  1.25 100
9  1.25 100
10 1.25 100
11 1.25 100
12 1.25 100
13 1.25 100
14 1.25 100
15 1.25 100
0  1.50 100
1  1.50 100
2  1.50 100
3  1.50 100
4  1.50 100
5  1.50 100
6  1.50 100
7  1.50 100
8  1.50 100
9  1.50 100
10 1.50 100
11 1.50 100
12 1.50 100
13 1.50 100
14 1.50 100
15 1.50 100
0  2.00 100
1  2.00 100
2  2.00 100
3  2.00 100
4  2.00 100
5  2.00 100
6  2.00 100
7  2.00 100
8  2.00 100
9  2.00 100
10 2.00 100
11 2.00 100
12 2.00 100
13 2.00 100
14 2.00 100
15 2.00 100
0  2.50 100
1  2.50 100
2  2.50 100
3  2.50 100
4  2.50 100
5  2.50 100
6  2.50 100
7  2.50 100
8  2.50 100
9  2.50 100
10 2.50 100
11 2.50 100
12 2.50 100
13 2.50 100
14 2.50 100
15 2.50 100
0  3.00 100
1  3.00 100
2  3.00 100
3  3.00 100
4  3.00 100
5  3.00 100
6  3.00 100
7  3.00 100
8  3.00 100
9  3.00 100
10 3.00 100
11 3.00 100
12 3.00 100
13 3.00 100
14 3.00 100
15 3.00 100
0  3.50 200
1  3.50 200
2  3.50 200
3  3.50 200
4  3.50 200
5  3.50 200
6  3.50 200
7  3.50 200
8  3.50 200
9  3.50 200
10 3.50 200
11 3.50 200
12 3.50 200
13 3.50 200
14 3.50 200
15 3.50 200
