0 1.20 1
1 1.20 1
2 1.20 1
3 1.20 1
4 1.20 60
5 1.20 1
6 1.20 1
7 1.20 5
8 1.20 1 
9 1.20 1
10 1.20 1
11 1.20 1
12 1.20 1
13 1.20 5
14 1.20 1
15 1.20 1
0 1.50 10
1 1.50 1
2 1.50 1
3 1.50 1
4 1.50 150
5 1.50 5
6 1.50 1
7 1.50 30
8 1.50 20 
9 1.50 15
10 1.50 1
11 1.50 1
12 1.50 1
13 1.50 50
14 1.50 1
15 1.50 1
0 1.75 30
1 1.75 1
2 1.75 1
3 1.75 1
4 1.75 200
5 1.75 80
6 1.75 5
7 1.75 150
8 1.75 150 
9 1.75 75
10 1.75 30
11 1.75 10
12 1.75 25
13 1.75 250
14 1.75 1
15 1.75 1
0 2.00 100
1 2.00 20
2 2.00 10
3 2.00 10
4 2.00 300
5 2.00 200
6 2.00 20
7 2.00 200
8 2.00 200 
9 2.00 100
10 2.00 100
11 2.00 40
12 2.00 100
13 2.00 400
14 2.00 1
15 2.00 1
0 2.50 75
1 2.50 25
2 2.50 10
3 2.50 25
4 2.50 250
5 2.50 200
6 2.50 25
7 2.50 150
8 2.50 200 
9 2.50 200
10 2.50 150
11 2.50 150
12 2.50 150
13 2.50 450
14 2.50 1
15 2.50 1
0 3.50 70
1 3.50 5
2 3.50 1
3 3.50 1
4 3.50 90
5 3.50 100
6 3.50 25
7 3.50 120
8 3.50 120 
9 3.50 100
10 3.50 5
11 3.50 50
12 3.50 100
13 3.50 150
14 3.50 1
15 3.50 1
0 5.00 50
1 5.00 5
2 5.00 1
3 5.00 1
4 5.00 60
5 5.00 100
6 5.00 25
7 5.00 100
8 5.00 150 
9 5.00 100
10 5.00 10
11 5.00 50
12 5.00 150
13 5.00 150
14 5.00 1
15 5.00 1

