0 1.27 1
1 1.27 1
2 1.27 1
3 1.27 1
4 1.27 60
5 1.27 1
6 1.27 1
7 1.27 1
8 1.27 1 
9 1.27 1
10 1.27 1
11 1.27 1
12 1.27 1
13 1.27 5
14 1.27 1
15 1.27 1
0 1.53 1
1 1.53 1
2 1.53 1
3 1.53 1
4 1.53 120
5 1.53 1
6 1.53 1
7 1.53 25
8 1.53 1 
9 1.53 1
10 1.53 1
11 1.53 1
12 1.53 1
13 1.53 1
14 1.53 1
15 1.53 1
0 1.90 25
1 1.90 1
2 1.90 1
3 1.90 1
4 1.90 220
5 1.90 25
6 1.90 1
7 1.90 50
8 1.90 25 
9 1.90 5
10 1.90 5
11 1.90 1
12 1.90 1
13 1.90 30
14 1.90 1
15 1.90 1
0 2.08 50
1 2.08 1
2 2.08 1
3 2.08 1
4 2.08 250
5 2.08 50
6 2.08 5
7 2.08 100
8 2.08 50 
9 2.08 20
10 2.08 20
11 2.08 1
12 2.08 10
13 2.08 50
14 2.08 1
15 2.08 1
0 2.50 75
1 2.50 75
2 2.50 1
3 2.50 20
4 2.50 250
5 2.50 250
6 2.50 75
7 2.50 200
8 2.50 200 
9 2.50 100
10 2.50 100
11 2.50 50
12 2.50 100
13 2.50 300
14 2.50 1
15 2.50 1
